1 1 1 0
1 1 2 0
1 1 3 0
1 1 4 1
1 1 5 1
1 1 6 1
1 1 7 1
1 1 8 1
1 1 9 1
1 1 10 1
1 1 11 1
1 1 12 0
1 1 13 1
1 1 14 1
1 1 15 1
1 1 16 1
1 1 17 0
1 1 18 0
1 1 19 0
1 1 20 0
1 1 21 0
1 1 22 0
1 1 23 0
1 1 24 0
1 2 1 1
1 2 2 1
1 2 3 1
1 2 4 0
1 2 5 0
1 2 6 0
1 2 7 0
1 2 8 0
1 2 9 0
1 2 10 0
1 2 11 0
1 2 12 0
1 2 13 0
1 2 14 0
1 2 15 0
1 2 16 0
1 2 17 0
1 2 18 0
1 2 19 0
1 2 20 0
1 2 21 0
1 2 22 0
1 2 23 0
1 2 24 0
1 3 1 1
1 3 2 1
1 3 3 1
1 3 4 0
1 3 5 0
1 3 6 0
1 3 7 0
1 3 8 0
1 3 9 0
1 3 10 0
1 3 11 0
1 3 12 0
1 3 13 0
1 3 14 0
1 3 15 0
1 3 16 0
1 3 17 0
1 3 18 0
1 3 19 0
1 3 20 0
1 3 21 0
1 3 22 0
1 3 23 0
1 3 24 0
1 4 1 0
1 4 2 0
1 4 3 0
1 4 4 0
1 4 5 0
1 4 6 0
1 4 7 0
1 4 8 0
1 4 9 0
1 4 10 0
1 4 11 0
1 4 12 0
1 4 13 0
1 4 14 0
1 4 15 0
1 4 16 0
1 4 17 0
1 4 18 0
1 4 19 0
1 4 20 0
1 4 21 0
1 4 22 0
1 4 23 0
1 4 24 0
2 1 1 0
2 1 2 0
2 1 3 0
2 1 4 0
2 1 5 0
2 1 6 0
2 1 7 0
2 1 8 0
2 1 9 0
2 1 10 0
2 1 11 0
2 1 12 0
2 1 13 0
2 1 14 0
2 1 15 0
2 1 16 0
2 1 17 0
2 1 18 0
2 1 19 0
2 1 20 0
2 1 21 0
2 1 22 0
2 1 23 0
2 1 24 0
2 2 1 1
2 2 2 1
2 2 3 1
2 2 4 1
2 2 5 0
2 2 6 0
2 2 7 0
2 2 8 0
2 2 9 0
2 2 10 0
2 2 11 0
2 2 12 0
2 2 13 0
2 2 14 0
2 2 15 0
2 2 16 0
2 2 17 0
2 2 18 0
2 2 19 0
2 2 20 0
2 2 21 0
2 2 22 0
2 2 23 0
2 2 24 0
2 3 1 0
2 3 2 0
2 3 3 0
2 3 4 0
2 3 5 0
2 3 6 0
2 3 7 0
2 3 8 0
2 3 9 0
2 3 10 0
2 3 11 0
2 3 12 0
2 3 13 0
2 3 14 0
2 3 15 0
2 3 16 0
2 3 17 0
2 3 18 0
2 3 19 0
2 3 20 0
2 3 21 0
2 3 22 0
2 3 23 0
2 3 24 0
2 4 1 0
2 4 2 0
2 4 3 0
2 4 4 0
2 4 5 0
2 4 6 0
2 4 7 0
2 4 8 0
2 4 9 0
2 4 10 0
2 4 11 0
2 4 12 0
2 4 13 0
2 4 14 0
2 4 15 0
2 4 16 0
2 4 17 0
2 4 18 0
2 4 19 0
2 4 20 0
2 4 21 0
2 4 22 0
2 4 23 0
2 4 24 0
3 1 1 0
3 1 2 0
3 1 3 0
3 1 4 0
3 1 5 0
3 1 6 0
3 1 7 0
3 1 8 0
3 1 9 0
3 1 10 0
3 1 11 0
3 1 12 0
3 1 13 0
3 1 14 0
3 1 15 0
3 1 16 0
3 1 17 0
3 1 18 0
3 1 19 0
3 1 20 0
3 1 21 0
3 1 22 0
3 1 23 0
3 1 24 0
3 2 1 0
3 2 2 0
3 2 3 0
3 2 4 0
3 2 5 0
3 2 6 0
3 2 7 0
3 2 8 0
3 2 9 0
3 2 10 0
3 2 11 0
3 2 12 0
3 2 13 0
3 2 14 0
3 2 15 0
3 2 16 0
3 2 17 0
3 2 18 0
3 2 19 0
3 2 20 0
3 2 21 0
3 2 22 0
3 2 23 0
3 2 24 0
3 3 1 0
3 3 2 0
3 3 3 0
3 3 4 0
3 3 5 0
3 3 6 0
3 3 7 0
3 3 8 0
3 3 9 0
3 3 10 0
3 3 11 0
3 3 12 0
3 3 13 0
3 3 14 0
3 3 15 0
3 3 16 0
3 3 17 0
3 3 18 0
3 3 19 0
3 3 20 0
3 3 21 0
3 3 22 0
3 3 23 0
3 3 24 0
3 4 1 0
3 4 2 0
3 4 3 0
3 4 4 0
3 4 5 0
3 4 6 0
3 4 7 0
3 4 8 0
3 4 9 0
3 4 10 0
3 4 11 0
3 4 12 0
3 4 13 0
3 4 14 0
3 4 15 0
3 4 16 0
3 4 17 0
3 4 18 0
3 4 19 0
3 4 20 0
3 4 21 0
3 4 22 0
3 4 23 0
3 4 24 0
4 1 1 0
4 1 2 0
4 1 3 0
4 1 4 0
4 1 5 0
4 1 6 0
4 1 7 0
4 1 8 0
4 1 9 0
4 1 10 0
4 1 11 0
4 1 12 0
4 1 13 0
4 1 14 0
4 1 15 0
4 1 16 0
4 1 17 0
4 1 18 0
4 1 19 0
4 1 20 0
4 1 21 0
4 1 22 0
4 1 23 0
4 1 24 0
4 2 1 0
4 2 2 0
4 2 3 0
4 2 4 0
4 2 5 0
4 2 6 0
4 2 7 0
4 2 8 0
4 2 9 0
4 2 10 0
4 2 11 0
4 2 12 0
4 2 13 0
4 2 14 0
4 2 15 0
4 2 16 0
4 2 17 0
4 2 18 0
4 2 19 0
4 2 20 0
4 2 21 0
4 2 22 0
4 2 23 0
4 2 24 0
4 3 1 0
4 3 2 0
4 3 3 0
4 3 4 0
4 3 5 0
4 3 6 0
4 3 7 0
4 3 8 0
4 3 9 0
4 3 10 0
4 3 11 0
4 3 12 0
4 3 13 0
4 3 14 0
4 3 15 0
4 3 16 0
4 3 17 0
4 3 18 0
4 3 19 0
4 3 20 0
4 3 21 0
4 3 22 0
4 3 23 0
4 3 24 0
4 4 1 0
4 4 2 0
4 4 3 0
4 4 4 0
4 4 5 0
4 4 6 0
4 4 7 0
4 4 8 0
4 4 9 0
4 4 10 0
4 4 11 0
4 4 12 0
4 4 13 0
4 4 14 0
4 4 15 0
4 4 16 0
4 4 17 0
4 4 18 0
4 4 19 0
4 4 20 0
4 4 21 0
4 4 22 0
4 4 23 0
4 4 24 0
